1776286236835 0.9986571113511399 0
1776286236840 0.9978262842357575 1
1776286236845 0.9968388587942218 2
1776286236849 0.9757953904229947 3
1776286236852 0.9796396631570404 4
1776286236857 0.9961126210655146 5
1776286236862 0.9943679046363637 6
1776286236867 0.9945403379508647 7
1776286236870 0.9959456477703159 8
1776286236873 0.959637288206253 9
1776286236876 0.9984481490566113 10
1776286236880 0.9984481286474157 11
1776286236883 0.9982286832099231 12
1776286236889 0.9984428821306675 13
1776286236892 0.9986780162358119 14
1776286236896 0.9982652470069189 15
1776286236900 0.9977636778648326 16
1776286236904 0.9988295419218288 17
1776286236908 0.9986361881421519 18
1776286236911 0.9803692443415462 19
1776286236914 0.9975076355840314 20
1776286236917 0.9988295509256954 21
1776286236920 0.9987511666906128 22
1776286236924 0.9987093740614243 23
1776286236928 0.9984481469135957 24
1776286236932 0.9978211077434689 25
1776286236934 0.9983697732361859 26
1776286236937 0.9734331806885783 27
1776286236941 0.99854740285173 28
1776286236944 0.9988504470368204 29
1776286236947 0.9988399910725407 30
1776286236950 0.9988347848846377 31
1776286236952 0.9989079152617991 32
1776286236957 0.9988922369131861 33
1776286236962 0.9989444892565569 34
1776286236966 0.9989758426310944 35
1776286236969 0.998934048414891 36
1776286236974 0.985028110359686 37
1776286236980 0.9986466782465548 38
1776286236983 0.998839998647437 39
1776286236987 0.9973196815747857 40
1776286236992 0.9988504371277083 41
1776286236996 0.9989026814750184 42
1776286237000 0.9989131488118188 43
1776286237005 0.9814219019567522 44
1776286237008 0.9986937092669018 45
1776286237011 0.9982234622135069 46
1776286237016 0.9988452134560171 47
1776286237021 0.9982443692542774 48
1776286237024 0.9985787575050796 49
